NON-CRIMINAL:0.3577777777777778
LARCENY/THEFT:0.34712250712250714
VANDALISM:0.137037037037037
